GameNumber ={'1','2','3','4','5','6','7','8','9','10','11','12','13','14','15'};
odds=[3.25,3.40,3.75,3.40,3.40,3.50,4.00,3.40,4.75,3.50,3.50,3.40,3.40,3.20,3.50];
probability=[0.2902758,0.2774695,0.2515723,0.2774695,0.2774695,0.2695418,0.2358491,0.2774695,0.1986097,0.2695418,0.2695418,0.2774695,0.2774695,0.2948113,0.2695418];
minbets=5;
